wavelength qe
250     0
260     0
270     0
280     0
290     0
300     0
310     0
320     0
330     0
340     0
350     0
360     0
370     0
380     0
390     0
400     0.125
410     0.225
420     0.275
430     0.325
440     0.36
450     0.39
460     0.4
470     0.4
480     0.39
490     0.36
500     0.32
510     0.25
520     0.15
530     0.1
540     0.065
550     0.03
560     0.015
570     0.0075
580     0
590     0
600     0
610     0
620     0
630     0
640     0
650     0
660     0
670     0
680     0
690     0
700     0
710     0
720     0
730     0
740     0
750     0
760     0
770     0
780     0
790     0.025
800     0.05
810     0.065
820     0.08
830     0.08
840     0.08
850     0.0725
860     0.065
870     0.0575
880     0.05
890     0.045
900     0.04
910     0.035
920     0.03
930     0.025
940     0.02
950     0.0175
960     0.015
970     0.0125
980     0.01
990     0.009
1000    0.008
1010    0.007
1020    0.006
1030    0.005
1040    0.004
1050    0.002
1060    0
1070    0
1080    0
1090    0