wavelength transmission
200     0
201     0
202     0
203     1.52937e-08
204     0
205     0
206     1.89917e-08
207     0
208     0
209     0
210     0
211     0
212     0
213     2.44448e-09
214     0
215     0
216     0
217     3.13394e-09
218     6.68575e-10
219     0
220     0
221     3.2802e-10
222     1.96812e-08
223     0
224     0
225     0
226     0
227     0
228     0
229     0
230     0
231     5.51574e-09
232     0
233     0
234     0
235     0
236     0
237     2.84144e-09
238     0
239     0
240     0
241     0
242     0
243     0
244     2.34001e-09
245     5.99628e-09
246     1.05301e-08
247     4.51288e-09
248     0
249     4.78449e-10
250     7.58415e-09
251     6.43503e-09
252     9.25558e-09
253     7.56325e-11
254     0
255     0
256     0
257     0
258     0
259     0
260     0
261     0
262     6.47682e-09
263     4.88895e-09
264     0
265     1.0342e-09
266     0
267     0
268     3.40555e-09
269     6.03807e-09
270     0
271     1.99946e-08
272     0
273     0
274     5.11878e-09
275     7.06182e-10
276     7.18718e-09
277     1.19926e-08
278     0
279     0
280     9.88237e-09
281     1.18881e-09
282     0
283     0
284     0
285     2.73698e-08
286     4.65913e-09
287     1.0342e-09
288     0
289     0
290     2.52805e-09
291     4.19949e-09
292     1.01331e-08
293     4.22038e-09
294     7.4379e-09
295     0
296     5.59931e-09
297     3.90698e-09
298     0
299     3.34287e-11
300     0
301     3.38466e-09
302     0
303     0
304     4.68002e-09
305     5.85003e-09
306     1.19299e-09
307     0
308     1.02376e-08
309     1.89499e-09
310     0
311     0
312     0
313     2.40269e-08
314     1.42699e-08
315     0
316     1.75501e-08
317     9.5063e-09
318     5.47396e-10
319     2.08303e-09
320     1.79053e-08
321     1.75292e-08
322     0
323     1.03211e-08
324     0
325     1.10315e-08
326     0
327     8.58701e-09
328     0
329     4.95163e-09
330     3.40555e-10
331     2.23555e-09
332     4.80538e-09
333     0
334     2.59073e-08
335     0
336     3.69805e-08
337     0
338     2.48626e-08
339     0
340     0
341     0
342     6.66486e-09
343     0
344     5.0352e-09
345     0
346     1.71113e-08
347     5.78735e-09
348     0
349     0
350     4.86806e-09
351     0
352     0
353     4.70092e-09
354     0
355     0
356     0
357     6.97825e-09
358     1.10106e-09
359     0
360     2.13108e-09
361     3.2593e-09
362     5.74557e-09
363     0
364     2.13108e-09
365     0
366     1.65681e-09
367     0
368     4.90985e-09
369     0
370     5.01431e-09
371     0
372     1.59622e-10
373     1.1324e-09
374     0
375     0
376     1.70069e-09
377     0
378     2.21465e-09
379     4.22038e-09
380     0
381     0
382     4.22038e-09
383     1.46042e-10
384     0
385     5.70378e-09
386     0
387     3.8652e-09
388     6.03807e-10
389     0
390     7.58415e-10
391     6.247e-09
392     2.0099e-09
393     0
394     0
395     1.69442e-09
396     7.22897e-10
397     4.53377e-09
398     1.13031e-09
399     0
400     0
401     0
402     5.09788e-10
403     1.58578e-09
404     6.70664e-09
405     9.23469e-10
406     0
407     2.29823e-09
408     5.76646e-09
409     1.62756e-09
410     1.88037e-09
411     0
412     9.38094e-10
413     0
414     0
415     3.40555e-09
416     0
417     6.68575e-09
418     5.99628e-10
419     0
420     7.89754e-11
421     6.56039e-09
422     1.21388e-07
423     3.69805e-08
424     3.78163e-08
425     6.14253e-09
426     4.95163e-09
427     1.67144e-09
428     0
429     9.98684e-09
430     0
431     0
432     0
433     3.59359e-09
434     8.85862e-09
435     2.19376e-07
436     5.11878e-09
437     0
438     2.36091e-09
439     8.62879e-10
440     7.39611e-10
441     1.1909e-09
442     2.98769e-09
443     0
444     0
445     3.96966e-09
446     2.61162e-09
447     2.48626e-09
448     7.7095e-09
449     5.9545e-09
450     1.27865e-08
451     6.16342e-09
452     2.6743e-09
453     0
454     1.43326e-09
455     4.90985e-10
456     4.42931e-09
457     9.00487e-09
458     4.82627e-09
459     0
460     0
461     0
462     0
463     2.15198e-09
464     4.88895e-10
465     5.9336e-09
466     1.01749e-08
467     5.51574e-09
468     0
469     1.04883e-09
470     7.39611e-09
471     0
472     3.76073e-09
473     0
474     4.30395e-10
475     3.21752e-09
476     3.13394e-09
477     6.16342e-09
478     2.82055e-09
479     4.68002e-09
480     3.8652e-08
481     2.69519e-08
482     2.46537e-08
483     6.76932e-09
484     7.54236e-09
485     4.07413e-09
486     3.65627e-10
487     3.40555e-09
488     8.41987e-09
489     7.22897e-09
490     3.69805e-09
491     2.84144e-09
492     1.13031e-08
493     3.94877e-09
494     0
495     7.52147e-09
496     1.90126e-08
497     1.69233e-09
498     3.59359e-09
499     0
500     4.53377e-09
501     1.49803e-09
502     3.78163e-09
503     1.81769e-09
504     0
505     4.57556e-09
506     0
507     4.7427e-09
508     4.32484e-09
509     5.16056e-09
510     1.73412e-09
511     1.70069e-09
512     0
513     1.38103e-09
514     2.92502e-09
515     9.54809e-09
516     2.00572e-09
517     0
518     1.5022e-09
519     1.5231e-09
520     0
521     6.5395e-10
522     2.31912e-09
523     0
524     7.24986e-10
525     0
526     0
527     0
528     1.67144e-09
529     0
530     0
531     2.21465e-09
532     3.99056e-09
533     2.82055e-09
534     6.51861e-09
535     0
536     3.13394e-09
537     3.34287e-10
538     2.31912e-09
539     7.87665e-09
540     9.02576e-09
541     4.7636e-09
542     1.86992e-09
543     0
544     0
545     3.67716e-09
546     1.51265e-09
547     2.75787e-09
548     2.0893e-09
549     0
550     2.34001e-09
551     6.16342e-09
552     0
553     3.67716e-09
554     1.33924e-09
555     1.83858e-09
556     2.08094e-09
557     3.38466e-09
558     0
559     6.56039e-11
560     6.12164e-10
561     3.82341e-09
562     0
563     4.42931e-10
564     5.43217e-09
565     0
566     0
567     0
568     2.21465e-09
569     3.61448e-09
570     0
571     6.01717e-09
572     3.34287e-09
573     0
574     0
575     2.02453e-09
576     3.67716e-10
577     0
578     2.44448e-09
579     1.06136e-09
580     0
581     6.89468e-09
582     9.00487e-09
583     2.29823e-08
584     1.73829e-08
585     9.5063e-09
586     2.02244e-09
587     5.22324e-10
588     5.01431e-09
589     3.63538e-09
590     0
591     3.48913e-09
592     1.82187e-08
593     1.68606e-08
594     5.9545e-09
595     3.17573e-09
596     8.48254e-09
597     1.04256e-08
598     1.6986e-08
599     5.43217e-08
600     7.4379e-08
601     2.59073e-08
602     1.07181e-09
603     5.85003e-09
604     6.28878e-09
605     4.86806e-10
606     0
607     0
608     2.36091e-10
609     0
610     8.19004e-09
611     1.19926e-08
612     2.79966e-08
613     7.1245e-08
614     1.37476e-07
615     1.39983e-07
616     2.40269e-08
617     7.24986e-09
618     3.51002e-09
619     7.02004e-09
620     5.41128e-09
621     9.90327e-09
622     5.70378e-09
623     7.24986e-09
624     5.59931e-09
625     1.34969e-08
626     3.5727e-08
627     9.00487e-08
628     1.16165e-08
629     6.91557e-09
630     4.51288e-09
631     0
632     0
633     1.10106e-09
634     3.21752e-09
635     1.6986e-09
636     6.56039e-09
637     0
638     0
639     2.52805e-09
640     0
641     1.24313e-09
642     7.81397e-09
643     2.88323e-08
644     3.44734e-09
645     0
646     4.86806e-09
647     2.29823e-09
648     2.44448e-09
649     0
650     1.5816e-09
651     0
652     3.69805e-09
653     3.80252e-09
654     0
655     4.86806e-10
656     0
657     4.03234e-09
658     2.59073e-09
659     2.75787e-09
660     3.8652e-10
661     3.71895e-09
662     2.06422e-09
663     3.00859e-09
664     1.02167e-09
665     5.01431e-09
666     5.18146e-09
667     1.50429e-08
668     4.49199e-09
669     6.85289e-10
670     0
671     0
672     0
673     3.30109e-09
674     6.247e-09
675     7.79308e-09
676     3.8652e-09
677     3.21752e-09
678     4.57556e-09
679     0
680     5.45306e-09
681     1.30163e-09
682     5.11878e-10
683     6.56039e-09
684     2.50716e-09
685     1.16374e-09
686     0
687     4.24127e-09
688     3.11305e-09
689     1.80724e-08
690     2.25644e-09
691     1.16792e-09
692     1.7174e-09
693     0
694     9.86148e-09
695     5.76646e-09
696     1.12195e-08
697     6.76932e-09
698     8.64969e-09
699     4.63824e-09
700     1.78217e-09
701     5.80824e-09
702     2.17287e-09
703     9.81969e-09
704     4.28306e-09
705     3.40555e-09
706     9.63166e-09
707     8.21094e-09
708     1.36222e-08
709     6.832e-09
710     7.62593e-10
711     2.27733e-09
712     1.32461e-08
713     8.50344e-09
714     2.07258e-09
715     7.37522e-09
716     5.0352e-09
717     4.07413e-09
718     3.32198e-10
719     1.10106e-09
720     8.44076e-11
721     0
722     1.04674e-09
723     6.70664e-09
724     1.56488e-09
725     8.50344e-09
726     2.73698e-08
727     7.16629e-09
728     7.66772e-09
729     9.5063e-09
730     4.53377e-09
731     9.52719e-09
732     3.5727e-09
733     1.43953e-09
734     1.95767e-09
735     2.6743e-09
736     1.08643e-08
737     3.80252e-09
738     3.36377e-09
739     4.01145e-09
740     0
741     9.10933e-09
742     7.37522e-09
743     1.44161e-08
744     3.36377e-08
745     2.31912e-08
746     2.02871e-08
747     3.92788e-09
748     4.82627e-09
749     8.96308e-09
750     8.58701e-09
751     2.19376e-08
752     1.80097e-08
753     1.9911e-08
754     1.88455e-08
755     3.19662e-08
756     7.37522e-08
757     1.70069e-08
758     8.3154e-09
759     0
760     1.16165e-08
761     9.13023e-09
762     2.31912e-09
763     5.55753e-10
764     1.99946e-09
765     5.57842e-09
766     1.2891e-09
767     1.62129e-08
768     8.96308e-09
769     3.53091e-08
770     1.35595e-07
771     8.52433e-09
772     1.09688e-08
773     1.77799e-09
774     2.0496e-09
775     0
776     0
777     4.07413e-09
778     0
779     1.73829e-09
780     1.8553e-09
781     7.08272e-11
782     1.10733e-08
783     0
784     3.2593e-09
785     0
786     9.77791e-10
787     6.76932e-09
788     1.09061e-08
789     6.97825e-10
790     2.46537e-09
791     0
792     0
793     1.47713e-08
794     9.00487e-09
795     1.08852e-09
796     1.15747e-09
797     0
798     0
799     0
800     6.62307e-09
801     0
802     2.36091e-10
803     6.99914e-09
804     0
805     6.93646e-09
806     0
807     0
808     9.63166e-10
809     1.43953e-09
810     0
811     0
812     2.36091e-09
813     7.64683e-09
814     0
815     8.64969e-09
816     3.67716e-09
817     0
818     0
819     2.90412e-09
820     5.11878e-09
821     0
822     5.80824e-09
823     1.17836e-08
824     0
825     0
826     0
827     5.26503e-09
828     1.66517e-08
829     0
830     3.15484e-06
831     3.65627e-06
832     3.2593e-06
833     1.78217e-06
834     4.03234e-06
835     2.27733e-06
836     2.48626e-06
837     3.65627e-06
838     3.94877e-06
839     2.90412e-06
840     3.94877e-06
841     4.97253e-06
842     2.13108e-06
843     3.46823e-06
844     3.88609e-06
845     3.65627e-06
846     2.82055e-06
847     5.01431e-06
848     4.36663e-06
849     3.76073e-06
850     2.21465e-06
851     3.15484e-06
852     2.25644e-06
853     3.21752e-06
854     3.92788e-06
855     2.82055e-06
856     2.36091e-06
857     3.96966e-06
858     3.51002e-06
859     2.92502e-06
860     4.82627e-06
861     4.05324e-06
862     3.44734e-06
863     4.32484e-06
864     5.89182e-06
865     7.52147e-06
866     1.20552e-05
867     1.84694e-05
868     3.30109e-05
869     6.58128e-05
870     0.00013079
871     0.000246537
872     0.000422038
873     0.000662307
874     0.000956898
875     0.00124522
876     0.0015022
877     0.00170069
878     0.00183022
879     0.00189708
880     0.00192633
881     0.00193469
882     0.00193469
883     0.0019326
884     0.00192215
885     0.00190962
886     0.00188246
887     0.00183858
888     0.00178008
889     0.00170696
890     0.00161503
891     0.00150638
892     0.0013664
893     0.00118463
894     0.000969434
895     0.000735432
896     0.000501431
897     0.000302948
898     0.000170069
899     8.6079e-05
900     4.49199e-05
901     2.44448e-05
902     1.57742e-05
903     9.1929e-06
904     7.96022e-06
905     4.7427e-06
906     4.53377e-06
907     3.73984e-06
908     4.01145e-06
909     4.01145e-06
910     4.80538e-06
911     3.88609e-06
912     2.77876e-06
913     3.30109e-06
914     3.51002e-06
915     3.36377e-06
916     2.50716e-06
917     2.82055e-06
918     3.11305e-06
919     4.26216e-06
920     3.40555e-06
921     3.36377e-06
922     3.61448e-06
923     4.90985e-06
924     3.21752e-06
925     3.61448e-06
926     2.42358e-06
927     2.6743e-06
928     2.59073e-06
929     3.5518e-06
930     3.46823e-06
931     3.07127e-07
932     1.07599e-07
933     4.22038e-07
934     1.04883e-07
935     0
936     3.63538e-07
937     0
938     3.63538e-07
939     5.0561e-07
940     9.10933e-08
941     0
942     4.1577e-07
943     2.69519e-07
944     0
945     1.01122e-07
946     2.25644e-07
947     7.16629e-08
948     0
949     0
950     0
951     0
952     1.74038e-07
953     6.72753e-08
954     5.9545e-08
955     6.12164e-08
956     1.26402e-07
957     0
958     0
959     0
960     2.13108e-07
961     0
962     0
963     6.01717e-07
964     1.01958e-07
965     2.13108e-07
966     0
967     5.22324e-07
968     8.27361e-07
969     2.59073e-07
970     6.76932e-08
971     0
972     4.90985e-07
973     0
974     0
975     2.92502e-07
976     1.00495e-08
977     0
978     4.17859e-07
979     0
980     4.40842e-07
981     1.51892e-07
982     0
983     0
984     3.69805e-07
985     0
986     2.6743e-07
987     0
988     2.04751e-07
989     0
990     0
991     1.05927e-07
992     6.18432e-08
993     2.27733e-07
994     1.67979e-07
995     1.38938e-07
996     3.34287e-07
997     0
998     0
999     0
1000    9.40183e-08
1001    0
1002    0
1003    2.46537e-07
1004    5.72467e-08
1005    0
1006    2.02244e-07
1007    0
1008    0
1009    0
1010    8.64969e-08
1011    1.06972e-07
1012    0
1013    0
1014    1.47086e-07
1015    1.7759e-07
1016    2.50716e-07
1017    6.51861e-08
1018    1.37058e-07
1019    5.80824e-08
1020    0
1021    1.03002e-08
1022    0
1023    0
1024    0
1025    0
1026    0
1027    1.58995e-08
1028    0
1029    0
1030    4.97253e-07
1031    0
1032    1.78008e-07
1033    2.08721e-07
1034    0
1035    5.53664e-08
1036    3.44734e-08
1037    5.3486e-08
1038    0
1039    0
1040    0
1041    7.08272e-08
1042    0
1043    6.56039e-08
1044    0
1045    4.51288e-07
1046    1.97647e-07
1047    1.83231e-07
1048    5.13967e-07
1049    4.47109e-07
1050    1.3267e-07
1051    2.92502e-07
1052    2.92502e-07
1053    0
1054    0
1055    0
1056    3.76073e-07
1057    5.82914e-08
1058    0
1059    0
1060    0
1061    2.92502e-08
1062    0
1063    3.92788e-07
1064    4.88895e-07
1065    1.88455e-07
1066    0
1067    0
1068    7.20807e-07
1069    0
1070    1.06554e-07
1071    0
1072    3.13394e-07
1073    9.56898e-08
1074    0
1075    0
1076    2.9668e-07
1077    0
1078    1.06345e-07
1079    1.28492e-07
1080    9.42273e-08
1081    2.27733e-07
1082    0
1083    0
1084    2.21465e-07
1085    3.38466e-07
1086    2.34001e-07
1087    0
1088    0
1089    0
1090    7.66772e-08
1091    3.71895e-07
1092    5.01431e-08
1093    4.80538e-08
1094    0
1095    0
1096    0
1097    0
1098    0
1099    3.17573e-07
1100    0
1101    0
1102    0
1103    0
1104    0
1105    0
1106    0
1107    0
1108    0
1109    0
1110    0
1111    0
1112    0
1113    0
1114    0
1115    0
1116    0
1117    0
1118    0
1119    0
1120    0
1121    0
1122    0
1123    0
1124    0
1125    0
1126    0
1127    0
1128    0
1129    0
1130    0
1131    0
1132    0
1133    0
1134    0
1135    0
1136    0
1137    0
1138    0
1139    0
1140    0
1141    0
1142    0
1143    0
1144    0
1145    0
1146    0
1147    0
1148    0
1149    0
1150    0
1151    0
1152    0
1153    0
1154    0
1155    0
1156    0
1157    0
1158    0
1159    0
1160    0
1161    0
1162    0
1163    0
1164    0
1165    0
1166    0
1167    0
1168    0
1169    0
1170    0
1171    0
1172    0
1173    0
1174    0
1175    0
1176    0
1177    0
1178    0
1179    0
1180    0
1181    0
1182    0
1183    0
1184    0
1185    0
1186    0
1187    0
1188    0
1189    0
1190    0
1191    0
1192    0
1193    0
1194    0
1195    0
1196    0
1197    0
1198    0
1199    0
1200    0
