wavelength transmission
200     3.42E-05
201     1.00E-08
202     5.21E-05
203     9.53E-05
204     1.00E-08
205     8.77E-05
206     4.32E-05
207     1.21E-04
208     1.00E-08
209     1.13E-04
210     1.25E-05
211     1.00E-08
212     3.25E-05
213     3.22E-05
214     3.47E-05
215     1.00E-08
216     1.00E-08
217     1.00E-08
218     6.21E-05
219     8.81E-06
220     1.00E-08
221     1.00E-08
222     7.32E-06
223     1.00E-08
224     1.00E-08
225     3.41E-05
226     1.00E-08
227     1.45E-05
228     1.81E-06
229     4.48E-05
230     1.00E-08
231     4.77E-05
232     1.00E-08
233     2.15E-05
234     4.05E-05
235     1.00E-08
236     1.79E-05
237     3.08E-05
238     3.36E-05
239     2.60E-05
240     2.47E-05
241     1.00E-08
242     1.54E-05
243     4.92E-05
244     1.00E-08
245     1.00E-08
246     6.78E-06
247     2.69E-05
248     5.87E-05
249     1.26E-05
250     3.10E-05
251     1.45E-05
252     5.37E-05
253     1.00E-08
254     1.00E-08
255     4.69E-05
256     2.18E-05
257     4.90E-06
258     3.98E-05
259     4.55E-05
260     6.52E-06
261     5.83E-06
262     1.00E-08
263     9.42E-06
264     1.52E-05
265     1.00E-08
266     1.00E-08
267     4.98E-05
268     4.57E-05
269     2.81E-06
270     1.00E-08
271     1.74E-05
272     4.21E-05
273     3.64E-05
274     1.00E-08
275     3.19E-05
276     3.06E-05
277     4.70E-05
278     1.00E-08
279     4.32E-05
280     2.98E-05
281     1.00E-08
282     2.63E-06
283     1.00E-08
284     1.00E-08
285     1.00E-08
286     1.00E-08
287     1.00E-08
288     3.77E-05
289     1.97E-06
290     1.00E-08
291     1.00E-08
292     1.00E-08
293     1.00E-08
294     1.47E-05
295     1.00E-08
296     1.00E-08
297     4.75E-05
298     2.02E-05
299     4.37E-05
300     2.64E-05
301     1.00E-08
302     2.66E-05
303     1.00E-08
304     4.42E-05
305     1.00E-08
306     1.00E-08
307     1.00E-08
308     1.00E-08
309     4.05E-05
310     4.11E-05
311     1.00E-08
312     5.54E-05
313     2.14E-05
314     1.00E-08
315     1.00E-08
316     1.00E-08
317     1.00E-08
318     1.00E-08
319     1.00E-08
320     4.68E-05
321     6.06E-05
322     8.55E-05
323     2.97E-05
324     1.00E-08
325     1.00E-08
326     5.39E-05
327     4.44E-05
328     5.70E-05
329     1.00E-08
330     1.00E-08
331     8.16E-05
332     1.00E-08
333     1.00E-08
334     8.41E-05
335     1.21E-05
336     1.00E-08
337     5.94E-05
338     1.05E-04
339     2.82E-05
340     1.00E-08
341     9.16E-05
342     1.00E-08
343     1.26E-04
344     2.64E-05
345     1.00E-08
346     2.58E-04
347     1.00E-08
348     1.00E-08
349     5.70E-05
350     6.01E-05
351     5.46E-05
352     8.45E-05
353     6.48E-05
354     1.49E-05
355     2.95E-05
356     3.65E-05
357     4.33E-05
358     3.40E-05
359     7.08E-05
360     3.21E-05
361     7.70E-05
362     9.14E-05
363     2.17E-05
364     3.95E-06
365     3.79E-05
366     1.81E-05
367     1.71E-05
368     1.77E-05
369     6.45E-05
370     3.56E-05
371     8.08E-05
372     3.60E-05
373     4.76E-05
374     1.38E-05
375     3.23E-05
376     8.23E-06
377     4.65E-05
378     3.99E-05
379     4.71E-05
380     4.38E-05
381     6.20E-05
382     7.80E-05
383     2.33E-04
384     4.64E-04
385     5.52E-04
386     5.15E-04
387     4.05E-04
388     4.07E-04
389     5.34E-04
390     8.77E-04
391     1.44E-03
392     2.21E-03
393     2.56E-03
394     2.37E-03
395     2.16E-03
396     2.43E-03
397     3.34E-03
398     5.12E-03
399     7.67E-03
400     9.50E-03
401     9.93E-03
402     9.85E-03
403     1.04E-02
404     1.31E-02
405     2.01E-02
406     3.58E-02
407     6.66E-02
408     1.10E-01
409     1.48E-01
410     1.71E-01
411     1.97E-01
412     2.55E-01
413     3.87E-01
414     6.62E-01
415     1.16E+00
416     1.83E+00
417     2.55E+00
418     3.32E+00
419     4.50E+00
420     6.95E+00
421     1.21E+01
422     2.15E+01
423     3.44E+01
424     4.66E+01
425     5.62E+01
426     6.53E+01
427     7.63E+01
428     8.75E+01
429     9.41E+01
430     9.46E+01
431     9.11E+01
432     8.76E+01
433     8.64E+01
434     8.77E+01
435     9.01E+01
436     9.21E+01
437     9.39E+01
438     9.47E+01
439     9.32E+01
440     8.91E+01
441     8.48E+01
442     8.23E+01
443     8.27E+01
444     8.53E+01
445     8.94E+01
446     9.36E+01
447     9.62E+01
448     9.68E+01
449     9.56E+01
450     9.31E+01
451     9.01E+01
452     8.80E+01
453     8.80E+01
454     9.00E+01
455     9.27E+01
456     9.50E+01
457     9.66E+01
458     9.75E+01
459     9.73E+01
460     9.62E+01
461     9.48E+01
462     9.31E+01
463     9.13E+01
464     9.00E+01
465     9.00E+01
466     9.16E+01
467     9.41E+01
468     9.63E+01
469     9.73E+01
470     9.76E+01
471     9.70E+01
472     9.60E+01
473     9.50E+01
474     9.44E+01
475     9.44E+01
476     9.47E+01
477     9.52E+01
478     9.57E+01
479     9.60E+01
480     9.63E+01
481     9.62E+01
482     9.58E+01
483     9.54E+01
484     9.53E+01
485     9.54E+01
486     9.57E+01
487     9.64E+01
488     9.70E+01
489     9.76E+01
490     9.80E+01
491     9.79E+01
492     9.72E+01
493     9.62E+01
494     9.50E+01
495     9.39E+01
496     9.33E+01
497     9.33E+01
498     9.40E+01
499     9.49E+01
500     9.57E+01
501     9.64E+01
502     9.68E+01
503     9.69E+01
504     9.67E+01
505     9.62E+01
506     9.53E+01
507     9.46E+01
508     9.41E+01
509     9.40E+01
510     9.42E+01
511     9.48E+01
512     9.56E+01
513     9.64E+01
514     9.69E+01
515     9.70E+01
516     9.65E+01
517     9.55E+01
518     9.39E+01
519     9.21E+01
520     9.05E+01
521     8.96E+01
522     8.96E+01
523     9.05E+01
524     9.19E+01
525     9.35E+01
526     9.49E+01
527     9.61E+01
528     9.67E+01
529     9.69E+01
530     9.66E+01
531     9.61E+01
532     9.56E+01
533     9.54E+01
534     9.57E+01
535     9.62E+01
536     9.66E+01
537     9.66E+01
538     9.63E+01
539     9.62E+01
540     9.59E+01
541     9.60E+01
542     9.60E+01
543     9.63E+01
544     9.66E+01
545     9.67E+01
546     9.68E+01
547     9.66E+01
548     9.60E+01
549     9.54E+01
550     9.45E+01
551     9.39E+01
552     9.36E+01
553     9.34E+01
554     9.35E+01
555     9.38E+01
556     9.44E+01
557     9.52E+01
558     9.61E+01
559     9.66E+01
560     9.64E+01
561     9.57E+01
562     9.47E+01
563     9.39E+01
564     9.35E+01
565     9.35E+01
566     9.38E+01
567     9.39E+01
568     9.38E+01
569     9.36E+01
570     9.35E+01
571     9.38E+01
572     9.41E+01
573     9.44E+01
574     9.45E+01
575     9.44E+01
576     9.41E+01
577     9.40E+01
578     9.46E+01
579     9.54E+01
580     9.62E+01
581     9.65E+01
582     9.67E+01
583     9.63E+01
584     9.58E+01
585     9.54E+01
586     9.52E+01
587     9.54E+01
588     9.56E+01
589     9.58E+01
590     9.60E+01
591     9.62E+01
592     9.63E+01
593     9.65E+01
594     9.67E+01
595     9.69E+01
596     9.69E+01
597     9.68E+01
598     9.66E+01
599     9.63E+01
600     9.58E+01
601     9.53E+01
602     9.50E+01
603     9.47E+01
604     9.45E+01
605     9.45E+01
606     9.46E+01
607     9.46E+01
608     9.44E+01
609     9.42E+01
610     9.39E+01
611     9.38E+01
612     9.40E+01
613     9.46E+01
614     9.55E+01
615     9.65E+01
616     9.72E+01
617     9.74E+01
618     9.70E+01
619     9.64E+01
620     9.55E+01
621     9.49E+01
622     9.45E+01
623     9.43E+01
624     9.43E+01
625     9.43E+01
626     9.41E+01
627     9.38E+01
628     9.36E+01
629     9.38E+01
630     9.43E+01
631     9.51E+01
632     9.60E+01
633     9.66E+01
634     9.68E+01
635     9.64E+01
636     9.58E+01
637     9.50E+01
638     9.44E+01
639     9.42E+01
640     9.43E+01
641     9.47E+01
642     9.53E+01
643     9.58E+01
644     9.62E+01
645     9.65E+01
646     9.68E+01
647     9.71E+01
648     9.74E+01
649     9.76E+01
650     9.78E+01
651     9.75E+01
652     9.71E+01
653     9.65E+01
654     9.58E+01
655     9.51E+01
656     9.47E+01
657     9.44E+01
658     9.44E+01
659     9.46E+01
660     9.50E+01
661     9.54E+01
662     9.59E+01
663     9.63E+01
664     9.67E+01
665     9.70E+01
666     9.72E+01
667     9.72E+01
668     9.71E+01
669     9.68E+01
670     9.64E+01
671     9.59E+01
672     9.56E+01
673     9.55E+01
674     9.57E+01
675     9.60E+01
676     9.62E+01
677     9.56E+01
678     9.31E+01
679     8.73E+01
680     7.73E+01
681     6.34E+01
682     4.79E+01
683     3.39E+01
684     2.27E+01
685     1.49E+01
686     9.63E+00
687     6.25E+00
688     4.12E+00
689     2.75E+00
690     1.87E+00
691     1.29E+00
692     8.98E-01
693     6.37E-01
694     4.59E-01
695     3.33E-01
696     2.46E-01
697     1.82E-01
698     1.37E-01
699     1.04E-01
700     7.96E-02
701     6.15E-02
702     4.77E-02
703     3.74E-02
704     2.96E-02
705     2.35E-02
706     1.88E-02
707     1.52E-02
708     1.22E-02
709     1.01E-02
710     8.14E-03
711     6.72E-03
712     5.63E-03
713     4.62E-03
714     3.86E-03
715     3.29E-03
716     2.85E-03
717     2.41E-03
718     2.04E-03
719     1.84E-03
720     1.56E-03
721     1.34E-03
722     1.15E-03
723     1.03E-03
724     9.24E-04
725     8.10E-04
726     7.54E-04
727     6.67E-04
728     6.36E-04
729     5.00E-04
730     5.15E-04
731     4.74E-04
732     4.67E-04
733     4.04E-04
734     3.94E-04
735     3.64E-04
736     3.21E-04
737     3.15E-04
738     3.01E-04
739     3.11E-04
740     3.23E-04
741     3.15E-04
742     3.03E-04
743     3.21E-04
744     3.11E-04
745     2.85E-04
746     3.21E-04
747     2.54E-04
748     3.13E-04
749     3.73E-04
750     3.74E-04
751     3.78E-04
752     3.58E-04
753     4.30E-04
754     3.84E-04
755     4.30E-04
756     4.11E-04
757     3.08E-04
758     3.76E-04
759     3.34E-04
760     2.82E-04
761     2.80E-04
762     3.02E-04
763     2.50E-04
764     2.50E-04
765     2.37E-04
766     2.44E-04
767     2.62E-04
768     2.46E-04
769     2.10E-04
770     1.67E-04
771     2.04E-04
772     1.18E-04
773     1.16E-04
774     8.71E-05
775     8.69E-05
776     4.97E-05
777     8.07E-05
778     9.41E-05
779     6.02E-05
780     2.03E-05
781     6.83E-05
782     9.64E-05
783     7.57E-05
784     1.00E-08
785     5.29E-05
786     7.05E-05
787     6.76E-05
788     5.47E-05
789     9.57E-05
790     1.22E-04
791     8.14E-05
792     8.80E-05
793     9.21E-05
794     1.00E-08
795     7.25E-05
796     9.66E-05
797     6.40E-05
798     1.20E-04
799     1.07E-04
800     1.00E-08
801     1.00E-08
802     3.70E-06
803     1.00E-08
804     1.00E-08
805     1.00E-08
806     1.00E-08
807     1.00E-08
808     4.65E-07
809     1.00E-08
810     8.85E-05
811     1.00E-08
812     1.00E-08
813     1.00E-08
814     1.00E-08
815     1.00E-08
816     1.00E-08
817     5.35E-05
818     2.64E-05
819     4.29E-05
820     1.00E-08
821     1.00E-08
822     1.00E-08
823     1.67E-05
824     2.15E-05
825     1.00E-08
826     1.00E-08
827     1.00E-08
828     1.91E-05
829     1.00E-08
830     1.00E-08
831     1.59E-04
832     1.00E-08
833     1.00E-08
834     8.82E-06
835     1.00E-08
836     1.78E-06
837     6.43E-05
838     4.88E-05
839     1.00E-08
840     6.16E-06
841     1.00E-08
842     1.00E-08
843     1.00E-08
844     1.00E-08
845     1.00E-08
846     1.00E-08
847     1.00E-08
848     1.00E-08
849     1.34E-04
850     5.50E-03
851     5.30E-03
852     3.96E-03
853     4.69E-03
854     4.96E-03
855     4.28E-03
856     4.81E-03
857     3.11E-03
858     2.93E-03
859     1.04E-03
860     2.60E-03
861     2.33E-03
862     2.11E-03
863     6.24E-03
864     1.52E-03
865     4.38E-03
866     1.72E-03
867     2.59E-03
868     3.38E-03
869     1.06E-03
870     4.33E-03
871     3.22E-03
872     3.53E-03
873     2.52E-03
874     3.11E-03
875     2.41E-03
876     3.26E-03
877     1.58E-03
878     1.60E-03
879     2.81E-03
880     1.90E-03
881     1.44E-03
882     2.35E-03
883     1.35E-03
884     2.07E-03
885     1.84E-03
886     1.26E-03
887     9.02E-04
888     1.95E-03
889     2.35E-03
890     2.23E-03
891     8.56E-04
892     1.91E-03
893     2.01E-03
894     2.15E-04
895     1.39E-03
896     2.10E-03
897     7.74E-04
898     1.27E-03
899     1.40E-03
900     1.53E-03
901     1.31E-03
902     1.59E-03
903     8.34E-04
904     8.23E-04
905     1.94E-03
906     1.18E-03
907     8.69E-04
908     1.61E-03
909     1.21E-03
910     2.10E-04
911     1.89E-03
912     1.09E-03
913     9.00E-04
914     2.17E-04
915     8.24E-04
916     1.29E-03
917     7.52E-04
918     7.17E-04
919     1.27E-03
920     1.15E-03
921     1.13E-03
922     7.54E-06
923     8.13E-04
924     1.64E-03
925     1.16E-03
926     1.31E-03
927     8.51E-04
928     5.61E-04
929     1.27E-04
930     8.95E-04
931     4.76E-04
932     7.98E-04
933     6.66E-04
934     6.11E-04
935     6.56E-04
936     5.60E-04
937     5.78E-04
938     6.39E-04
939     7.44E-04
940     5.05E-04
941     5.77E-04
942     3.70E-04
943     6.67E-04
944     4.26E-04
945     2.87E-04
946     1.34E-04
947     6.52E-04
948     7.65E-04
949     4.62E-04
950     3.65E-04
951     1.05E-04
952     2.69E-04
953     5.52E-04
954     7.21E-04
955     4.31E-04
956     3.16E-04
957     3.63E-04
958     4.87E-04
959     5.19E-04
960     3.85E-04
961     7.83E-04
962     5.70E-04
963     3.50E-04
964     3.58E-04
965     5.18E-04
966     4.34E-04
967     3.97E-04
968     5.12E-04
969     3.01E-04
970     5.79E-04
971     5.95E-04
972     2.50E-04
973     3.35E-04
974     2.90E-04
975     3.89E-04
976     3.53E-04
977     2.60E-04
978     8.51E-04
979     6.54E-04
980     2.97E-04
981     4.94E-04
982     3.67E-04
983     2.92E-04
984     5.08E-04
985     4.75E-04
986     1.17E-04
987     4.65E-04
988     2.14E-04
989     1.46E-04
990     5.45E-04
991     5.89E-04
992     4.38E-04
993     4.03E-04
994     3.17E-04
995     2.06E-04
996     4.88E-04
997     4.41E-04
998     2.75E-04
999     2.96E-04
1000    2.44E-04
1001    4.51E-04
1002    3.30E-04
1003    4.14E-04
1004    5.37E-04
1005    2.90E-04
1006    4.27E-04
1007    3.08E-04
1008    1.13E-04
1009    5.77E-04
1010    4.22E-04
1011    2.87E-04
1012    3.41E-04
1013    4.80E-04
1014    4.14E-04
1015    2.70E-04
1016    1.76E-04
1017    2.86E-04
1018    1.58E-04
1019    3.25E-04
1020    2.16E-04
1021    1.97E-04
1022    1.31E-04
1023    3.09E-04
1024    4.35E-04
1025    1.86E-04
1026    3.72E-04
1027    3.10E-04
1028    2.02E-04
1029    3.33E-04
1030    3.08E-04
1031    3.72E-04
1032    4.54E-04
1033    4.95E-04
1034    4.39E-04
1035    2.95E-04
1036    2.26E-04
1037    3.15E-04
1038    2.87E-04
1039    4.24E-04
1040    5.31E-04
1041    4.00E-04
1042    4.45E-04
1043    4.53E-04
1044    4.28E-04
1045    4.02E-04
1046    4.32E-04
1047    3.35E-04
1048    3.55E-04
1049    4.75E-04
1050    4.31E-04
1051    3.35E-04
1052    3.26E-04
1053    5.39E-04
1054    3.88E-04
1055    2.88E-04
1056    3.28E-04
1057    4.17E-04
1058    2.73E-04
1059    4.35E-04
1060    2.77E-04
1061    3.18E-04
1062    2.45E-04
1063    2.62E-04
1064    3.56E-04
1065    5.50E-04
1066    4.29E-04
1067    3.21E-04
1068    3.75E-04
1069    2.82E-04
1070    4.58E-04
1071    6.15E-04
1072    2.39E-04
1073    3.67E-04
1074    4.64E-04
1075    4.71E-04
1076    6.78E-04
1077    4.51E-04
1078    7.18E-04
1079    4.60E-04
1080    6.74E-04
1081    5.84E-04
1082    7.46E-04
1083    8.19E-04
1084    9.20E-04
1085    1.11E-03
1086    9.64E-04
1087    1.02E-03
1088    8.38E-04
1089    1.04E-03
1090    1.24E-03
1091    1.07E-03
1092    9.87E-04
1093    1.03E-03
1094    9.65E-04
1095    8.49E-04
1096    1.24E-03
1097    1.49E-03
1098    1.38E-03
1099    1.66E-03
1100    2.18E-03
1101    0.00E+00
1102    0.00E+00
1103    0.00E+00
1104    0.00E+00
1105    0.00E+00
1106    0.00E+00
1107    0.00E+00
1108    0.00E+00
1109    0.00E+00
1110    0.00E+00
1111    0.00E+00
1112    0.00E+00
1113    0.00E+00
1114    0.00E+00
1115    0.00E+00
1116    0.00E+00
1117    0.00E+00
1118    0.00E+00
1119    0.00E+00
1120    0.00E+00
1121    0.00E+00
1122    0.00E+00
1123    0.00E+00
1124    0.00E+00
1125    0.00E+00
1126    0.00E+00
1127    0.00E+00
1128    0.00E+00
1129    0.00E+00
1130    0.00E+00
1131    0.00E+00
1132    0.00E+00
1133    0.00E+00
1134    0.00E+00
1135    0.00E+00
1136    0.00E+00
1137    0.00E+00
1138    0.00E+00
1139    0.00E+00
1140    0.00E+00
1141    0.00E+00
1142    0.00E+00
1143    0.00E+00
1144    0.00E+00
1145    0.00E+00
1146    0.00E+00
1147    0.00E+00
1148    0.00E+00
1149    0.00E+00
1150    0.00E+00
1151    0.00E+00
1152    0.00E+00
1153    0.00E+00
1154    0.00E+00
1155    0.00E+00
1156    0.00E+00
1157    0.00E+00
1158    0.00E+00
1159    0.00E+00
1160    0.00E+00
1161    0.00E+00
1162    0.00E+00
1163    0.00E+00
1164    0.00E+00
1165    0.00E+00
1166    0.00E+00
1167    0.00E+00
1168    0.00E+00
1169    0.00E+00
1170    0.00E+00
1171    0.00E+00
1172    0.00E+00
1173    0.00E+00
1174    0.00E+00
1175    0.00E+00
1176    0.00E+00
1177    0.00E+00
1178    0.00E+00
1179    0.00E+00
1180    0.00E+00
1181    0.00E+00
1182    0.00E+00
1183    0.00E+00
1184    0.00E+00
1185    0.00E+00
1186    0.00E+00
1187    0.00E+00
1188    0.00E+00
1189    0.00E+00
1190    0.00E+00
1191    0.00E+00
1192    0.00E+00
1193    0.00E+00
1194    0.00E+00
1195    0.00E+00
1196    0.00E+00
1197    0.00E+00
1198    0.00E+00
1199    0.00E+00
1200    0.00E+00