wavelength transmission
200     4.87306e-08
201     2.93891e-08
202     4.32044e-08
203     2.18032e-08
204     0
205     0
206     0
207     0
208     6.58114e-09
209     0
210     0
211     3.4664e-08
212     4.34556e-08
213     3.13986e-08
214     0
215     6.02853e-09
216     2.46667e-08
217     0
218     2.18283e-08
219     0
220     0
221     0
222     0
223     0
224     8.61577e-10
225     2.19539e-08
226     0
227     7.20911e-09
228     3.96878e-09
229     1.91657e-09
230     2.93891e-08
231     3.36593e-08
232     1.20571e-08
233     0
234     2.3461e-08
235     1.70557e-08
236     0
237     1.35139e-08
238     1.17305e-08
239     1.19817e-08
240     1.78344e-08
241     0
242     2.48677e-08
243     4.32044e-09
244     1.0776e-09
245     3.31569e-08
246     0
247     2.06728e-08
248     6.85745e-09
249     2.35866e-08
250     2.13259e-09
251     0
252     0
253     3.41617e-09
254     2.6626e-09
255     3.4664e-09
256     0
257     1.19063e-08
258     0
259     2.04468e-09
260     2.4089e-09
261     2.02458e-08
262     3.74271e-08
263     2.30089e-08
264     0
265     1.06504e-08
266     1.74074e-08
267     0
268     1.17807e-08
269     0
270     2.86355e-08
271     1.08765e-09
272     2.40136e-08
273     0
274     1.82363e-08
275     1.33884e-08
276     4.27021e-08
277     0
278     1.57746e-10
279     9.82148e-09
280     1.56239e-08
281     0
282     1.74074e-08
283     5.42567e-09
284     1.26599e-08
285     5.07401e-09
286     0
287     0
288     0
289     3.01426e-08
290     0
291     2.10998e-08
292     0
293     2.47923e-08
294     0
295     6.48067e-10
296     3.08962e-08
297     1.7533e-09
298     0
299     2.36369e-08
300     3.76783e-08
301     0
302     3.592e-08
303     0
304     9.74612e-09
305     2.01202e-09
306     4.44604e-08
307     2.88867e-08
308     0
309     7.61102e-10
310     0
311     0
312     1.68296e-08
313     0
314     8.01292e-08
315     9.67076e-09
316     4.7977e-09
317     0
318     3.64224e-08
319     0
320     6.15412e-08
321     1.71562e-08
322     0
323     4.09437e-08
324     0
325     4.37068e-08
326     0
327     4.44604e-08
328     3.54176e-08
329     4.87306e-08
330     2.26572e-09
331     4.97354e-08
332     4.59675e-09
333     0
334     8.54041e-09
335     0
336     0
337     0
338     0
339     0
340     3.11474e-08
341     2.16022e-08
342     4.37068e-08
343     4.3958e-09
344     0
345     0
346     2.86355e-08
347     8.46506e-08
348     0
349     0
350     2.2607e-08
351     0
352     0
353     1.09267e-08
354     5.42567e-08
355     0
356     1.6277e-10
357     1.19063e-08
358     1.43931e-08
359     0
360     7.53566e-09
361     1.66538e-09
362     8.21387e-09
363     1.11025e-08
364     1.57998e-08
365     8.01292e-09
366     0
367     1.08262e-08
368     0
369     8.41482e-09
370     7.66125e-09
371     1.13788e-08
372     7.96268e-09
373     0
374     1.82865e-08
375     0
376     2.53701e-08
377     2.13259e-08
378     1.17054e-08
379     3.4664e-09
380     1.19315e-08
381     2.20544e-09
382     3.44128e-09
383     6.55602e-09
384     2.40639e-08
385     1.10774e-08
386     0
387     9.29398e-10
388     0
389     1.11025e-08
390     0
391     1.14793e-08
392     2.03965e-08
393     6.129e-09
394     9.34422e-09
395     9.82148e-09
396     2.11752e-09
397     2.56212e-09
398     3.69247e-09
399     1.43178e-08
400     4.72235e-09
401     1.45941e-08
402     1.06504e-08
403     0
404     1.44182e-08
405     1.33632e-08
406     0
407     4.11949e-09
408     0
409     1.78344e-08
410     0
411     0
412     1.25594e-08
413     2.3662e-09
414     0
415     0
416     6.15412e-09
417     3.26545e-10
418     0
419     1.90903e-08
420     6.55602e-09
421     0
422     1.07509e-08
423     1.796e-08
424     1.8588e-08
425     5.87781e-08
426     1.92913e-07
427     3.66735e-07
428     1.08765e-06
429     3.34081e-06
430     1.06755e-05
431     4.44604e-05
432     0.000167794
433     0.000557639
434     0.00133632
435     0.00199946
436     0.00232349
437     0.00238378
438     0.00227326
439     0.00221548
440     0.00212506
441     0.00218032
442     0.00222051
443     0.00215771
444     0.00219539
445     0.00218534
446     0.00211501
447     0.00225567
448     0.00222553
449     0.00226572
450     0.00216525
451     0.00155988
452     0.00129613
453     0.000462187
454     0.000219036
455     7.88732e-05
456     2.96403e-05
457     5.47591e-06
458     1.85377e-06
459     1.30116e-06
460     7.48542e-07
461     4.69723e-07
462     1.8814e-07
463     6.05365e-08
464     5.22472e-08
465     2.37122e-08
466     2.3034e-08
467     1.43931e-08
468     1.34888e-08
469     1.40666e-08
470     4.59675e-09
471     2.96403e-09
472     1.7759e-09
473     3.26545e-09
474     1.64529e-08
475     1.23585e-09
476     1.98439e-09
477     0
478     8.99255e-09
479     9.36934e-09
480     9.21862e-09
481     3.94366e-09
482     9.29398e-09
483     4.89818e-10
484     1.1404e-08
485     6.2546e-09
486     1.0349e-08
487     1.44685e-08
488     1.29362e-08
489     0
490     5.09913e-09
491     8.96743e-09
492     1.27101e-09
493     8.64089e-09
494     0
495     6.95793e-09
496     0
497     9.62053e-09
498     7.35983e-09
499     3.03938e-09
500     0
501     1.06755e-08
502     3.13986e-09
503     4.77258e-09
504     1.65282e-08
505     5.67686e-09
506     1.06002e-08
507     1.15044e-08
508     1.70055e-08
509     8.99255e-09
510     1.65533e-08
511     3.96878e-09
512     5.80246e-09
513     1.89396e-08
514     1.82112e-08
515     1.48452e-08
516     1.38656e-10
517     6.50579e-09
518     0
519     6.15412e-09
520     5.87781e-09
521     9.82148e-09
522     7.15888e-09
523     7.83709e-09
524     3.34081e-09
525     1.08765e-09
526     4.77258e-09
527     0
528     2.0296e-08
529     8.69113e-09
530     7.28447e-09
531     7.8622e-09
532     8.31434e-09
533     6.17924e-09
534     3.56688e-09
535     1.6051e-08
536     8.3897e-09
537     3.51664e-09
538     0
539     1.04746e-08
540     7.63613e-09
541     1.59002e-08
542     9.69588e-08
543     5.90293e-08
544     1.44685e-08
545     1.09769e-08
546     1.73571e-08
547     1.16552e-08
548     4.97354e-09
549     2.50686e-08
550     5.90293e-09
551     1.36395e-08
552     2.71284e-08
553     2.17529e-08
554     2.73796e-08
555     3.84319e-08
556     2.46165e-08
557     2.78819e-08
558     6.22948e-09
559     1.48452e-08
560     8.03804e-09
561     0
562     1.20822e-08
563     1.01983e-08
564     0
565     1.64529e-08
566     2.68772e-09
567     6.85745e-09
568     3.08962e-08
569     1.6051e-08
570     1.61514e-08
571     2.81331e-08
572     1.02485e-08
573     1.6051e-09
574     1.8588e-08
575     3.26545e-09
576     2.31345e-08
577     7.66125e-09
578     0
579     1.5423e-08
580     6.6565e-09
581     4.06926e-09
582     0
583     1.91657e-09
584     1.09769e-08
585     0
586     1.21073e-08
587     5.95317e-09
588     1.15296e-08
589     5.12425e-09
590     1.31623e-08
591     0
592     1.10272e-08
593     1.6277e-08
594     3.66735e-10
595     1.17305e-09
596     1.33632e-08
597     4.29533e-10
598     2.58724e-08
599     4.29533e-09
600     1.02485e-08
601     0
602     1.42173e-08
603     3.91854e-09
604     1.22078e-08
605     7.03328e-09
606     4.57163e-09
607     6.5309e-09
608     1.36395e-08
609     1.31623e-08
610     3.31569e-09
611     1.70808e-08
612     1.15296e-08
613     6.38019e-09
614     1.45438e-08
615     1.93164e-08
616     7.83709e-09
617     1.26599e-08
618     2.33857e-08
619     8.66601e-09
620     5.37544e-09
621     5.42567e-09
622     6.2546e-09
623     1.39661e-09
624     6.35507e-09
625     1.17305e-08
626     9.26886e-09
627     1.98941e-08
628     1.94671e-09
629     7.66125e-09
630     3.66735e-09
631     3.74271e-09
632     3.03938e-09
633     0
634     8.06316e-09
635     1.14542e-08
636     4.97354e-09
637     0
638     1.17305e-08
639     6.58114e-09
640     1.05248e-08
641     1.57998e-08
642     1.05499e-08
643     7.15888e-11
644     6.15412e-09
645     1.76334e-08
646     0
647     4.37068e-09
648     1.49206e-08
649     4.49628e-09
650     1.71562e-09
651     6.60626e-09
652     0
653     5.67686e-09
654     1.59756e-08
655     2.3034e-09
656     1.51467e-08
657     1.69552e-08
658     4.37068e-09
659     0
660     1.3941e-08
661     1.02234e-08
662     5.35032e-09
663     1.40917e-08
664     1.79349e-08
665     2.00197e-09
666     3.31569e-09
667     6.90769e-09
668     7.51054e-09
669     9.24374e-09
670     3.24033e-08
671     1.09769e-08
672     1.84372e-08
673     2.18032e-08
674     3.91854e-11
675     4.01902e-09
676     1.36898e-08
677     4.69723e-09
678     2.61236e-08
679     4.54651e-08
680     1.09267e-08
681     4.01902e-08
682     2.86355e-08
683     5.52615e-09
684     2.86355e-08
685     2.58724e-08
686     2.45914e-08
687     3.24033e-08
688     3.84319e-08
689     2.51189e-08
690     2.45914e-08
691     3.29057e-08
692     3.56688e-08
693     3.11474e-08
694     3.66735e-08
695     2.51189e-08
696     1.80102e-08
697     1.96681e-08
698     2.39132e-08
699     1.19063e-08
700     0
701     2.06728e-08
702     6.35507e-09
703     2.05221e-08
704     1.45941e-08
705     2.41141e-08
706     1.25594e-08
707     1.08262e-08
708     2.88867e-08
709     0
710     1.91155e-08
711     0
712     1.3313e-08
713     2.40388e-08
714     1.0575e-08
715     2.36117e-08
716     9.64564e-09
717     5.09913e-09
718     5.8527e-09
719     3.21521e-08
720     2.81331e-08
721     3.16498e-08
722     2.4717e-08
723     1.10272e-08
724     2.24814e-08
725     3.13986e-08
726     2.42899e-08
727     1.15547e-08
728     2.73796e-08
729     1.71311e-08
730     9.69588e-09
731     2.88867e-08
732     0
733     2.68772e-08
734     2.46416e-08
735     1.73823e-08
736     0
737     2.07984e-08
738     1.60007e-08
739     0
740     4.04414e-08
741     9.46981e-09
742     0
743     1.59505e-08
744     0
745     2.29838e-08
746     3.76783e-08
747     0
748     2.88867e-09
749     2.1125e-08
750     0
751     0
752     3.74271e-09
753     0
754     2.91379e-10
755     4.24509e-08
756     9.721e-09
757     0
758     1.78344e-08
759     0
760     0
761     5.87781e-08
762     2.16776e-08
763     3.03938e-08
764     6.38019e-08
765     2.3888e-08
766     1.99946e-08
767     3.74271e-08
768     5.62663e-09
769     5.92805e-09
770     0
771     1.74074e-08
772     8.16363e-08
773     7.56078e-08
774     2.96403e-08
775     0
776     0
777     4.09437e-08
778     2.2833e-08
779     0
780     0
781     6.32995e-08
782     1.37903e-08
783     4.62187e-08
784     7.0584e-09
785     3.66735e-08
786     4.06926e-08
787     0
788     0
789     0
790     6.10388e-08
791     0
792     3.01426e-08
793     1.99946e-09
794     2.56212e-09
795     0
796     0
797     0
798     4.06926e-08
799     1.67543e-08
800     8.46506e-08
801     2.09491e-08
802     0
803     1.72567e-07
804     1.91155e-07
805     1.21073e-08
806     5.57639e-08
807     2.83843e-07
808     0
809     7.20911e-08
810     1.09518e-07
811     7.00816e-08
812     1.35139e-07
813     4.3958e-08
814     1.11779e-08
815     0
816     0
817     1.57998e-08
818     3.592e-08
819     1.52974e-07
820     0
821     1.06504e-07
822     8.11339e-08
823     0
824     0
825     1.83368e-07
826     6.50579e-08
827     8.21387e-08
828     1.72064e-07
829     2.06477e-08
830     0
831     0
832     5.27496e-08
833     2.43904e-07
834     2.39634e-07
835     6.6565e-08
836     0
837     0
838     0
839     0
840     3.66735e-08
841     0
842     0
843     0
844     0
845     0
846     1.81861e-08
847     0
848     5.07401e-08
849     1.6277e-07
850     0
851     4.87306e-07
852     2.93891e-07
853     4.29533e-07
854     0
855     0
856     2.14515e-07
857     0
858     3.89342e-07
859     5.17449e-07
860     2.39885e-07
861     0
862     1.7533e-07
863     0
864     1.4368e-07
865     3.44128e-07
866     0
867     1.78595e-07
868     0
869     0
870     8.03804e-08
871     2.98914e-08
872     2.19539e-07
873     4.77258e-07
874     4.21997e-07
875     3.31569e-07
876     2.68772e-08
877     0
878     9.57029e-08
879     0
880     4.62187e-07
881     6.38019e-07
882     0
883     5.14937e-07
884     1.10021e-07
885     3.66735e-07
886     0
887     2.53701e-07
888     6.75697e-08
889     0
890     0
891     1.77339e-07
892     0
893     2.17278e-07
894     0
895     0
896     0
897     0
898     0
899     0
900     0
901     3.08962e-08
902     0
903     0
904     0
905     5.55127e-07
906     0
907     0
908     0
909     0
910     0
911     9.21862e-08
912     0
913     2.63748e-07
914     1.75581e-07
915     0
916     0
917     0
918     0
919     6.27972e-07
920     0
921     3.74271e-07
922     1.55235e-07
923     7.20911e-08
924     9.77124e-08
925     0
926     0
927     2.76308e-07
928     2.98914e-07
929     0
930     0
931     0
932     0
933     0
934     4.42092e-07
935     3.1901e-08
936     0
937     5.30008e-07
938     0
939     0
940     0
941     2.63748e-07
942     1.2886e-07
943     0
944     0
945     2.96403e-07
946     0
947     1.34888e-07
948     1.50713e-07
949     6.55602e-07
950     0
951     1.00475e-07
952     4.21997e-07
953     1.17807e-07
954     1.38656e-08
955     8.21387e-08
956     3.11474e-07
957     7.63613e-08
958     0
959     8.99255e-08
960     0
961     0
962     1.96932e-07
963     3.41617e-07
964     3.31569e-07
965     1.74325e-07
966     0
967     0
968     2.88867e-07
969     1.89145e-07
970     5.90293e-08
971     7.5859e-09
972     7.48542e-08
973     1.2685e-07
974     1.93918e-07
975     0
976     0
977     0
978     0
979     1.21324e-07
980     0
981     0
982     0
983     3.81807e-07
984     0
985     0
986     0
987     0
988     0
989     0
990     1.41168e-07
991     4.5214e-07
992     1.4996e-07
993     1.19566e-07
994     0
995     0
996     0
997     0
998     2.15017e-08
999     0
1000    0
1001    2.10998e-07
1002    0
1003    0
1004    0
1005    2.01956e-07
1006    0
1007    0
1008    0
1009    9.1935e-08
1010    0
1011    0
1012    3.71759e-07
1013    0
1014    1.66036e-07
1015    1.25343e-07
1016    0
1017    3.08962e-07
1018    2.96403e-07
1019    0
1020    1.85377e-08
1021    0
1022    1.87889e-07
1023    2.09743e-07
1024    4.16973e-07
1025    0
1026    4.24509e-07
1027    1.32628e-07
1028    0
1029    0
1030    1.58249e-08
1031    0
1032    0
1033    0
1034    0
1035    5.92805e-08
1036    0
1037    4.24509e-07
1038    0
1039    0
1040    1.40666e-07
1041    7.08352e-08
1042    5.12425e-07
1043    3.89342e-07
1044    0
1045    0
1046    0
1047    0
1048    0
1049    0
1050    0
1051    1.53727e-07
1052    1.12533e-07
1053    0
1054    0
1055    1.36647e-07
1056    3.29057e-07
1057    3.76783e-07
1058    0
1059    0
1060    1.38907e-07
1061    4.34556e-09
1062    0
1063    4.06926e-08
1064    0
1065    1.49206e-07
1066    5.09913e-08
1067    4.9233e-07
1068    0
1069    0
1070    0
1071    0
1072    9.09303e-08
1073    0
1074    0
1075    0
1076    1.09518e-07
1077    0
1078    0
1079    0
1080    0
1081    3.11474e-07
1082    1.94671e-07
1083    2.71284e-07
1084    2.01453e-07
1085    1.00224e-08
1086    0
1087    1.84624e-08
1088    4.21997e-07
1089    8.56553e-08
1090    0
1091    0
1092    2.01453e-08
1093    3.16498e-07
1094    0
1095    0
1096    0
1097    0
1098    0
1099    3.41617e-07
1100    7.9878e-08
1101    0
1102    0
1103    0
1104    0
1105    0
1106    0
1107    0
1108    0
1109    0
1110    0
1111    0
1112    0
1113    0
1114    0
1115    0
1116    0
1117    0
1118    0
1119    0
1120    0
1121    0
1122    0
1123    0
1124    0
1125    0
1126    0
1127    0
1128    0
1129    0
1130    0
1131    0
1132    0
1133    0
1134    0
1135    0
1136    0
1137    0
1138    0
1139    0
1140    0
1141    0
1142    0
1143    0
1144    0
1145    0
1146    0
1147    0
1148    0
1149    0
1150    0
1151    0
1152    0
1153    0
1154    0
1155    0
1156    0
1157    0
1158    0
1159    0
1160    0
1161    0
1162    0
1163    0
1164    0
1165    0
1166    0
1167    0
1168    0
1169    0
1170    0
1171    0
1172    0
1173    0
1174    0
1175    0
1176    0
1177    0
1178    0
1179    0
1180    0
1181    0
1182    0
1183    0
1184    0
1185    0
1186    0
1187    0
1188    0
1189    0
1190    0
1191    0
1192    0
1193    0
1194    0
1195    0
1196    0
1197    0
1198    0
1199    0
1200    0
